0: 466
1: 415
2: 322,41,223,208,469,477,441,64,161
3: 430,139,9
4: 144,183,163,70,312,206
5: 113,74,107,490
6: 425,228,450,328,239,87,365,79
7: 57,351
8: 338,288,64,380,125,97,469,25,161,276,94
9: 430,3
11: 287,483,155,27,122,267,214,260
12: 295,191,274,281,13,432,300,210,501,244,133
13: 60,464,200,31,432,232,300,249,295,12,274,281
14: 264,318,272,252,398,220,60,159
15: 416,481,470,327
16: 482,453,19,261,387,393
17: 90,335,81,430,419,413,71,238
18: 136,214,436,251,58,27,267,192,468
19: 453,399,16,248,51,288,393
20: 407,29
21: 
22: 322,379,223,208,177
23: 128,227
24: 236,386,235,162,56,443,250
25: 80,191,338,8,125,26,276,142
26: 121,501,120,276,279,143,80,200,432,191,338,25,142
27: 11,267,214,260,468,439,18
28: 368,198,461,271,381
29: 337,328,181,20
30: 351,399,492,278,32,221
31: 464,13,432,232,205,300,330,368,475,414,130,121,149,244
32: 134,57,278,30,351,399,489,221,440,110
33: 382,157,363,284,188,346
34: 373,254,243
35: 68,446,293,167,245,174,151,423
36: 61,253,492,221,48,205,159,311
37: 54,56,505,234,196
38: 53,96,480,265,112,116,270
39: 194,140,505,370,127
40: 130,230,121,239,149,87,193,343,420,145
41: 2,261,469,495,64
42: 383,480,265,112
43: 407,109,107
44: 492,323,201,164,511
45: 
46: 257,103,96,507,131,493
47: 172,516
48: 220,464,200,205,221,279,143,36,120
49: 219,106,71,239,306,187,476,238,412,450
50: 381,180,417,414,339,433,232,300
51: 504,248,101,453,19,288,393,311
52: 494,308,355
53: 397,357,184,361,38,123,480,296
54: 37,495,505,234,70,482,472,165
55: 257,103,507,275,269,117,114,78,166
56: 37,162,505,196,76,24,236
57: 176,386,7,32,472,448,235,216,351,489
58: 374,436,136,18
59: 384,290,317,444,132,396
60: 220,464,13,14,249,272,252,398,281
61: 397,253,357,164,36,184,69,511
62: 240,316,184,511,383
63: 
64: 288,8,380,393,125,212,2,41,261,223,469
65: 382,213,168,152
66: 78,509
67: 424
68: 35,446
69: 61,253,164,438,198
70: 183,163,482,472,234,4,54,206
71: 413,193,77,17,90,106,239,306,238,49
72: 409,298
73: 195,225,506
74: 113,228,5,336,146,462,141,458
75: 166,391,394,229,128,114
76: 140,196,56
77: 193,71,311,205,248,121,306,120,149
78: 509,66,186,55,269,166
79: 132,429,188,354,190,87,6,91
80: 82,502,279,200,295,191,25,26
81: 430,17
82: 502,80,498,470,434,279,358,220,200
83: 85,445,484,461
84: 285,362
85: 445,403,83
86: 217,292
87: 230,40,239,145,155,341,290,6,228,336,79
88: 446
89: 104,108
90: 17,389,335,504,106,413,71,231,238
91: 508,145,365,328,79,188
92: 479,411,242
93: 210,197,249,433,378,274,417
94: 462,195,258,219,8,97,141
95: 297,365,344,343,256
96: 241,46,257,38,405,509
97: 8,276,146,94,219,141
98: 241
99: 406,499
100: 320,458,190
101: 504,51,387,139,312,453,233
102: 296,455,343,500
103: 123,46,257,55,456,381,275,475,414,117
104: 415,89,172,108,345
105: 371
106: 90,389,504,380,212,71,306,238,49
107: 113,412,5,43
108: 170,104,89,392,172,227
109: 43,156
110: 422,221,434,358,443,134,247,327,124,32,235
111: 254,360,243,222
112: 265,38,42
113: 74,412,5,462,107
114: 275,180,418,269,303,55,202,166,75,394,229
115: 234,154,400,503
116: 150,270,173,131,493,38,480,500,265
117: 275,135,103,55,507,202,203,199
118: 388,157,185,421,331,513,396,325
119: 487,283
120: 26,121,306,276,143,48,205,248,338,288,77
121: 130,26,230,40,239,120,276,149,31,205,193,77
122: 11,287,353,130,230,244,291,317,260,133
123: 103,456,397,357,330,368,53,381,475,414
124: 470,134,327,272,221,434,110,220,159
125: 338,64,8,279,224,469,25,161
126: 322,208,189,441,266
127: 322,379,505,347,194,514,39,165,309
128: 23,227,237,303,75,391,229
129: 263,185,192,439,137,202,199
130: 230,121,40,149,244,31,475,353,420,287,341,203,122
131: 362,116,270,173,179,478,493,46,507,285
132: 284,79,213,429,188,190,290,384,447,59
133: 260,12,353,210,214,244,291,122
134: 247,327,124,32,278,221,110,159
135: 364,275,117,202,251,483,203,267,199,439
136: 513,18,58,388,192,468
137: 507,202,285,129
138: 508,301
139: 389,101,387,178,408,3
140: 76,471,39,370
141: 506,97,462,94,74
142: 146,291,191,25,26,501,276
143: 279,510,48,248,338,288,26,120
144: 4,246,299
145: 259,173,343,420,500,40,87,341,91,188
146: 291,142,97,74,228,336
147: 182,471
148: 
149: 130,121,40,31,205,296,193,77,420
150: 116,270,173,265,256
151: 352,423,484,35,293
152: 213,447,65,371
153: 457,249,252,345,281
154: 115,234,409,209
155: 11,287,483,341,290,402,87,188
156: 109
157: 263,185,118,33
158: 494,355,350
159: 220,310,134,124,14,398,221,253,36
160: 
161: 2,469,8,125
162: 235,204,495,56,24,236
163: 70,4,211
164: 61,69,511,323,44,316
165: 366,309,463,54,261,127
166: 75,55,269,114,78
167: 340,268,35
168: 447,396,382,65,325
169: 285,390
170: 108,392,237,227,313,197
171: 457,454,174,416,318
172: 47,433,392,378,437,516,104,108,345
173: 150,362,259,116,270,131,145,478,493,500
174: 245,340,175,35,293,423,171
175: 485,174
176: 242,57,216
177: 22
178: 366,408,389,387,139
179: 362,131,478,507,483,199,285,263
180: 50,364,275,417,414,418,339,114,303
181: 349,508,29
182: 298,147
183: 70,4,206
184: 61,357,53,62,383,296,401,311
185: 263,388,129,157,192,118,439
186: 466,314,496,78
187: 305,215,195,258,49
188: 284,79,132,429,259,145,155,402,91,363,33
189: 359,126,488
190: 79,213,132,429,354,100
191: 295,12,80,200,25,26,501,142
192: 388,129,185,468,439,202,394,251,136,18
193: 296,343,71,77,420,500,205,121,40,149
194: 39,127
195: 94,258,73,225,187
196: 386,76,37,56,216
197: 93,436,378,237,170,417,418,474,229,374
198: 438,461,28,69
199: 483,117,135,202,179,263,129,439
200: 220,464,48,13,432,279,82,80,295,191,26
201: 323,329,473,44,492
202: 394,251,507,275,117,135,114,137,199,129,192,439
203: 287,483,341,456,275,475,117,135,420,130,478,493
204: 235,162,495,422,440
205: 48,31,253,357,330,36,193,77,311,121,120,149
206: 463,4,183,70,482
207: 431
208: 2,322,126,223,441,22
209: 154,409
210: 214,93,300,12,274,417,339,449,353,133
211: 453,351,489,163
212: 64,380,393,366,223,389,106,258
213: 284,132,429,354,190,447,65,371,292,152
214: 210,436,364,449,251,11,27,267,260,133,18
215: 305,367,187,231
216: 176,386,57,196
217: 283,86
218: 
219: 462,94,49,97,306,276,228
220: 60,464,200,48,159,470,124,14,272,221,434,279,82
221: 422,110,134,124,32,30,399,36,220,48,159
222: 416,481,111,340,360,226
223: 2,208,366,64,212,22,258
224: 502,358,125
225: 451,195,73
226: 243,247,327,360,222,416
227: 23,426,128,392,237,108,170,404,313
228: 74,6,450,336,239,87,146,219
229: 75,391,474,237,303,128,418,114,197
230: 130,121,40,87,244,291,290,122,336
231: 305,215,90,389
232: 464,13,310,31,300,398,368,50,381,414
233: 453,312,101
234: 115,154,400,70,54,37
235: 204,162,57,24,422,440,110,358,443
236: 24,162,56,333,477
237: 392,378,303,170,128,227,313,418,197,474,229
238: 367,476,17,90,106,71,49
239: 121,40,306,87,71,49,6,228,450
240: 361,62,383
241: 96,98,497,395,397
242: 176,254,92
243: 226,254,111,268,360,34
244: 130,230,501,31,432,12,353,122,133
245: 174,35,293
246: 299,144
247: 226,134,321,327,481,110,443,250
248: 51,19,143,288,77,311,120
249: 252,153,433,60,13,274,281,93
250: 247,481,24,358,443
251: 202,394,364,135,214,436,267,192,468,439,18
252: 14,264,249,398,153,60
253: 61,368,36,69,310,205,159
254: 111,280,242,34,243
255: 
256: 150,95
257: 46,103,96,55,507,509
258: 195,94,223,212,187
259: 362,173,145,363,188
260: 317,444,133,214,11,27,122,267
261: 41,16,495,165,366,64,393
262: 307
263: 129,157,185,439,179,483,199
264: 14,352,252,398,271
265: 112,38,42,150,116,270
266: 126,488
267: 11,287,27,364,135,214,251,260,439,18
268: 340,360,167,243
269: 114,303,55,78,166
270: 150,116,173,131,38,265
271: 486,264,28,381
272: 14,318,470,124,416,457,454,498,220,60
273: 
274: 12,281,249,13,300,210,93
275: 364,180,414,117,135,114,103,55,202,203
276: 26,121,306,120,338,8,97,25,142,219
277: 314,496
278: 308,134,32,30
279: 315,143,358,510,82,502,80,220,200,48,125,26
280: 254
281: 295,12,274,249,153,60,13
282: 
283: 217,119
284: 213,132,429,188,349,363,382,33
285: 84,169,137,362,131,179
286: 
287: 11,483,155,341,203,122,267,353,130
288: 64,8,380,393,19,143,510,248,51,120
289: 
290: 155,230,87,317,336,132,59
291: 146,142,230,501,122,317,133
292: 348,371,487,213,86
293: 35,245,174,415,151,352
294: 372,307
295: 12,191,281,80,200,13,432
296: 455,193,343,102,500,357,184,53,149
297: 365,332,95,344
298: 72,182
299: 246,144
300: 13,31,432,232,12,274,50,417,414,339,353,210
301: 346,138
302: 
303: 378,437,237,128,180,418,269,114,229
304: 
305: 215,187,231
306: 239,120,276,106,71,77,219,49
307: 294,262,342
308: 278,355,52
309: 165,366,463,347,379,127
310: 464,232,159,398,253,368
311: 401,77,36,184,205,248,51
312: 4,233,101
313: 404,324,237,170,227,474
314: 277,496,186
315: 422,279,358,510
316: 62,164,511
317: 260,444,291,290,122,59
318: 14,423,272,416,171,457,454
319: 
320: 458,100
321: 247,481
322: 2,126,379,127,208,22
323: 201,44,164
324: 313,512
325: 118,331,396,168
326: 503
327: 226,470,134,247,124,15,416,481,434,110
328: 6,365,91,354,490,29
329: 201,351
330: 357,368,31,205,123,456,475
331: 513,444,118,421,396,325
332: 297,412,425
333: 236,477
334: 
335: 17,90,430,356,413,401
336: 74,228,230,87,146,290
337: 29
338: 8,125,143,25,26,120,276
339: 50,364,180,417,449,353,300,210
340: 268,360,167,174,222
341: 287,155,203,420,130,87,145
342: 390,307
343: 296,193,102,420,500,40,145,95
344: 297,95
345: 104,153,172
346: 301,363,33
347: 309,379,127
348: 371,292,487
349: 181,508,284,385
350: 355,158
351: 30,211,489,7,57,329,32
352: 151,264,484,293
353: 339,300,210,130,244,287,122,133
354: 79,213,429,190,328
355: 308,158,52,350
356: 335,401
357: 61,330,184,53,205,123,456,296
358: 315,422,434,279,110,443,235,82,224,502,250
359: 189,488
360: 340,268,111,226,243,222
361: 395,240,397,53
362: 259,173,131,179,285,84
363: 259,284,188,346,33
364: 275,180,339,449,135,214,436,251,267
365: 297,95,425,6,328,91
366: 165,178,309,261,223,389,387,212
367: 215,476,238
368: 253,330,28,310,31,232,123,381,414
369: 427
370: 140,39
371: 348,292,105,213,152
372: 294
373: 34
374: 58,512,197,436,391,474
375: 460
376: 
377: 
378: 433,392,172,437,237,303,417,197,93
379: 322,127,347,309,22
380: 288,64,8,393,212,106
381: 50,414,271,368,28,232,123,103
382: 33,65,284,168
383: 42,240,62,184,455
384: 447,59,132
385: 349
386: 57,196,216,24
387: 389,504,101,139,16,366,178,393
388: 185,192,468,118,136,513
389: 90,504,106,387,139,366,178,212,231
390: 342,405,169
391: 75,394,474,229,128,374,512
392: 172,378,437,237,108,170,227
393: 288,64,380,212,16,19,261,504,51,387
394: 202,75,391,251,114,192
395: 361,397,241,497
396: 402,444,118,421,331,168,59,325
397: 61,53,395,361,241,123
398: 14,264,252,60,464,310,232,159
399: 30,19,489,32,422,221,440
400: 115,234,514
401: 413,311,184,356,335
402: 483,155,421,188,396
403: 85
404: 313,427,426,227
405: 96,390
406: 99
407: 20,43,490
408: 178,139
409: 154,209,72
410: 
411: 479,92
412: 113,425,49,332,107
413: 401,71,17,90,335
414: 50,381,275,180,475,368,31,232,300,123,103
415: 104,1,293
416: 222,15,226,327,318,272,171,454
417: 50,180,418,339,449,433,378,300,210,197,93
418: 180,417,114,237,303,197,436,474,229
419: 17
420: 193,343,500,130,40,149,145,341,203
421: 468,118,439,402,331,513,396
422: 315,221,440,110,358,510,235,204,399
423: 151,318,35,174
424: 67
425: 412,6,365,332
426: 227,404,427
427: 404,369,426
428: 
429: 284,79,213,132,188,354,190
430: 81,3,17,335,9
431: 207
432: 464,200,13,31,300,295,12,26,501,244
433: 172,378,437,249,50,417,93
434: 110,358,470,327,124,82,220
435: 
436: 197,214,364,418,449,251,58,374,18
437: 433,392,172,378,516,303
438: 198,69
439: 263,129,185,192,468,421,135,202,251,483,27,267,199
440: 422,32,235,204,399,489
441: 2,126,208,451
442: 515
443: 110,358,247,235,24,250
444: 317,260,331,396,59
445: 85,83
446: 35,68,88
447: 168,384,213,132,152
448: 57
449: 364,417,339,210,214,436
450: 6,228,239,49
451: 441,225
452: 
453: 19,233,211,482,16,101,51
454: 171,457,416,318,272
455: 480,296,102,383
456: 123,103,357,330,475,500,493,203
457: 171,153,454,318,272
458: 320,74,100
459: 
460: 375
461: 198,83,486,28
462: 94,219,141,113,74
463: 165,309,206
464: 220,60,200,48,13,310,31,432,232,398
465: 499
466: 186,0
467: 
468: 388,192,439,421,251,27,136,513,18
469: 2,41,477,64,8,125,161
470: 327,124,15,272,434,82,498,220
471: 140,147
472: 70,57,54,489
473: 201
474: 391,229,237,313,418,197,374,512
475: 414,330,31,123,103,456,130,203
476: 367,238,49
477: 236,2,333,469
478: 173,131,179,493,483,203
479: 92,411
480: 455,53,38,42,116
481: 222,15,321,247,327,250
482: 70,16,54,453,206
483: 11,287,155,203,402,199,135,179,478,263,439
484: 151,352,83
485: 175
486: 271,516,461
487: 348,292,119
488: 359,189,266
489: 351,399,211,57,32,472,440
490: 5,328,407
491: 
492: 30,44,201,36
493: 116,173,131,478,46,456,500,203
494: 158,52
495: 54,204,162,505,41,261
496: 277,314,186
497: 241,395
498: 82,470,272
499: 465,99
500: 296,193,343,102,420,456,116,173,145,493
501: 26,244,432,12,191,291,142
502: 82,224,80,279,358
503: 115,326
504: 90,389,101,51,106,387,393
505: 54,37,495,56,39,127
506: 141,73
507: 46,257,55,117,137,202,131,179
508: 181,349,91,138
509: 78,66,257,96
510: 315,422,279,143,288
511: 61,164,44,62,316
512: 374,324,391,474
513: 331,136,388,468,118,421
514: 400,127
515: 442
516: 47,172,486,437