0: 540,286,466
1: 35,268,245,174,104
2: 587,561,802,617,39,333,189,322,545,477,441,22
3: 335,9
4: 312,233,771,206
5: 742,728,141,585,113,591,73
6: 190,490,107,336,683,29,659,734
7: 491,710,577,329,800,351,531,399
8: 94,522,380,770,843,315,276,653,656
9: 430,335,3,231
11: 483,267,546,251,244,594,260,444,214
12: 295,281,630,498,699,122,464,200,642,13,432,300,563,274,501
13: 464,48,232,300,124,60,454,220,295,12,630,498
14: 726,252,530,567,744,813,350,327,720,355,821
15: 557,481,416,171,226,570,434
16: 422,41,616,235,32,358,785,399,204,440,690,765
17: 156,90,367,419,297,344,825
18: 520,436,672,622,267,260,214,468
19: 492,30,681,690,660,666,387,422,785,248,504,77,288
20: 407,181,337
21: 610,271,50,103
22: 208,126,261,747,575,189,322,2
23: 186,600,809,780,229,128,732,75
24: 471,411,551,410,556,147,162,56,76
25: 161,97,191,80,338,64,523,618,843,315
26: 604,733,121,627,228,230,31,817,623,642,804,338,618,143,501,133,580
27: 520,136,546,260,513,468,118,331
28: 253,549,637,461,271,398,103,198
29: 490,6,119
30: 19,681,690,36
31: 604,26,733,121,702,623,330,205,464,737,432,579,685,527,810,647,353
32: 221,616,16,159,134,110,531,399,690,660,833,822,765
33: 382,263,402,775,284,155,157,86
34: 308,159,329,813,800,373,567,243,350,134
35: 446,1,268,706,245,345,457
36: 61,123,368,839,323,164,492,30,44,311,564,184
37: 448,204,767,495,216,56,440,668,505,54
38: 664,361,294,116,131,837,405
39: 194,333,189,322,370,2,705,802,617,715,545
40: 604,779,541,149,500,341,130,145,87,79
41: 279,16,235,358,764,204,495,224,125,469,64,523
42: 383,361,112
43: 841,412
44: 492,674,308,164,36
45: 658
46: 241,96,626,116,778,257,55
47: 255,172,277,227,516,732
48: 205,464,13,720,310,564,669,221,510,220
49: 90,823,476,297,425,344,748
50: 625,808,21,610,271,398,103,536,180,339
51: 123,590,330,681,205,248,543,527,702
52: 69,762,323,278,608,497,511
53: 361,302,240,395,397,241,116,632
54: 489,472,70,211,673,37,767,495,440,668,387,127,393,819
55: 46,103,507,778,257,583,610,600,496,269
56: 204,37,162,216,411,386,505,147,24,76
57: 577,247,531,399
58: 324,622,787,364,418,436,374,474,391,763,672
59: 652,542,546,439,444,584,132,429,396,526
60: 433,318,252,264,530,816,829,378,124,619,454,13,300,630
61: 123,794,368,588,839,795,36,497,762,323,637,511,184
62: 164,316,311,184
63: 319
64: 682,523,315,41,764,587,25,161
65: 382,743,325
66: 700,664,96,756,307,405,529
67: 190,424,703,213
68: 151,268,706
69: 762,253,52,637,494,497,639,438
70: 472,211,54,547,673,409,428,767
71: 675,717,576,679,106,120,543,541,193,306,238,90,476,219,344,450
72: 758,499,739,609
73: 688,459,5,141,506
74: 798,87,661,100,834,228,146,142,336,578
75: 229,128,600,303,809,186,23,583,166,269,394,114
76: 236,615,24,162,56
77: 248,504,576,106,19,422,682,288
78: 509,269,186,96,257,262
79: 429,40,341,287,130,145,640,87,259
80: 82,125,611,279,804,295,523,25,191
81: 356
82: 80,502,470,125,279,554,358,295,498
83: 445,277,88,415,494,486
84: 285,832
85: 445,782,601
86: 524,348,487,799,815,284,33,743,385,723,631
87: 74,651,40,228,755,145,336,429,79
88: 446,268,484,445,83,415
89: 345,369,172,517,786
90: 525,367,476,49,717,413,679,71,17,344
91: 328,188,815,508,640,256,349,659
92: 562
93: 153,754,735,721,313,392,197,692,249,418,449,374
94: 258,522,459,380,769,8,276,97,225,451
95: 297,365,181,344,748,640,750,102
96: 241,46,550,116,257,518,664,262,509,78,700,66
97: 25,161,618,843,315,276,94,769,458
98: 314,496,532,186
99: 636,499
100: 74,661,146,578
101: 717,413,206,139,389,335
102: 455,343,480,95,150
103: 507,198,778,381,583,55,28,21,610,461,271,50,398,536,414
104: 467,1
105: 371
106: 675,717,504,576,71,77,682,760,120,219
107: 651,661,824,634,490,6
108: 606,153,345,433,573,619,457,754,614,293,517
109: 367,187,707,825
110: 134,434,616,32
111: 560,479,222,360,250,586,226
112: 552,265,42
113: 239,585,519,742,728,5,332,797,634,803
114: 129,394,474,391,303,721,741,75,583,364,180,418
115: 154,400,234
116: 241,46,456,96,626,550,632,397,664,53,38
117: 275,597,725,135,594,685,624,684,689,667,647,353
118: 382,402,513,691,421,136,27,396,533,331
119: 603,29
120: 338,682,760,143,675,106,71,306,627,219
121: 26,230,31,623,642,432,699,122,133,353
122: 12,699,432,563,210,274,121,133,244,353,214,830
123: 61,794,357,368,590,588,51,330,36,184
124: 134,272,570,434,327,423,720,557,60,530,221,629,220,470,13
125: 82,80,224,836,279,41,358,469,523,161
126: 208,22,575,544
127: 589,617,393,663,819,54,495,366,309,165
128: 780,741,628,229,75,812,303,237,809,23
129: 394,391,192,114,137,275,166,729,655,202
130: 287,483,657,689,652,439,647,755,701,40,341,475,203,429,79
131: 265,664,38,757,613
132: 284,336,429,719,596,396,578,59,793,526,535
133: 501,317,580,699,122,26,121,230,701,291,830
134: 243,110,124,570,434,531,720,247,159,34,221,32
135: 364,275,417,597,117,725,594,624,667,267,251,202
136: 520,27,513,118,331
137: 624,507,550,257,583,275,166,729,700,655,269,129,179,202
138: 150,811,173,169,256,270,646,301
139: 366,671,408,389,746,777,335,101
140: 
141: 5,73,506
142: 801,146,618,228,317,580,458,74,462
143: 338,682,523,120,669,422,611,644,764,205,804,26,733,623
144: 844,312,731
145: 365,640,541,500,750,40,87,259,79
146: 801,142,317,74,100,578
147: 528,196,709,411,24,471,56
148: 255
149: 541,193,306,527,500,810,604,40,779,475
150: 138,259,811,173,480,102,640,256,270
151: 68,446,268,706,484,355,726
152: 650,621,593,695
153: 93,108,433,378,619,754,614,300,281,249,339,274
154: 609,115,209
155: 284,429,396,287,718,439,421,188,775,263,402,33
156: 17,825
157: 301,775,263,33
158: 373,567,484,813,278
159: 308,329,34,800,134,531,32
160: 782
161: 25,97,125,770,477,64,843
162: 204,56,708,386,24,76,565
163: 473,329,351,751,731,674
164: 62,316,377,492,44,311,674,184,36
165: 309,234,514,194,322,705,127,802,617,819
166: 509,641,655,269,75,137,257,129,394
167: 485
168: 526,535,596,396,382,743,325,533,331
169: 832,826,362,138,811
170: 392,404,172,227,426,427,237,786,665
171: 557,15,416,548,423,318,454
172: 369,47,415,89,227,516,572,517,170
173: 420,613,480,362,138,259,150,811
174: 245,485,340,521,1,548
175: 521,222,599
176: 598,406,411,460
177: 827,713,805,347
178: 347,671,746,463
179: 493,537,203,362,624,137,550,756,729,667,285,686,202
180: 536,275,417,249,418,597,339,303,735,808,50,583,114
181: 365,95,20
182: 298
183: 776,482
184: 240,511,842,164,62,316,311,61,123,590,588,296,36
185: 478,388,513,199,691,468,727,693,192,251
186: 23,600,98,496,75,257,78,269
187: 823,109,612,332,707,412,797
188: 328,91,259,815,811,775,284,155
189: 39,333,322,607,2,22
190: 67,424,490,784,6,213
191: 25,611,80,804,295,501
192: 129,391,672,251,388,199,185,468,693,202
193: 724,543,541,149,343,401,306,527,500,238,559,831,750,71
194: 514,39,322,503,165,802
195: 223,305,522,459,781,677
196: 528,428,615,505,400,709,147
197: 698,741,392,721,93,512,692,418,374,474,787
198: 241,103,778,632,381,637,28,639,847,795
199: 478,185,693,202,192
200: 711,464,642,295,12
201: 329,375,373,840,473
202: 199,693,137,275,135,729,129,192,179,667,251
203: 493,420,341,475,179,362,287,483,130,689,667,718,686
204: 448,37,495,162,216,56,708,440,224,668,386,565,41,16,358
205: 711,464,48,737,681,669,51,330,143,733,702,31,623
206: 504,101,233,453,387,771,366,4
207: 431
208: 126,747,22
209: 154
210: 436,449,274,122,563,417,594,244,214
211: 489,70,54,547,387,366,482
212: 305,389,746,309,561,261
213: 371,539,654,67,190,784
214: 260,444,122,594,210,436,11,267,244,18
215: 231,305,677,841
216: 448,204,37,767,56,386,428,505,709,472
217: 593,676,292
218: 
219: 258,522,612,380,106,71,760,120,276,476,450,239,834
220: 221,616,629,510,272,124,470,464,13,48,498
221: 616,629,510,32,220,134,124,720,530,564,48
222: 360,175,111
223: 195,841
224: 204,708,668,828,836,41,358,125,469,740
225: 451,94,459
226: 243,796,570,434,321,360,560,479,111,247,250,15,481,416
227: 426,47,172,427,170,732
228: 604,26,627,779,230,817,317,580,74,87,834,462,142
229: 792,780,741,128,75,812,23,394
230: 604,26,121,228,317,133,580,701
231: 525,215,389,335,9,305
232: 464,13,737,300,579,310,829,378,398,339
233: 453,666,844,312,771,4,704,206
234: 503,409,115,514,165
235: 669,422,611,279,41,616,644,16,510,764
236: 76,828,615,708,370,694
237: 303,437,516,572,809,735,721,313,741,628,392,170,128,732
238: 543,193,343,401,679,71,356,344
239: 798,113,834,219,258,742,612,425,450
240: 395,511,184,53
241: 46,96,198,116,778,632,403,639,53,302
242: 280,560
243: 226,350,134,531,577,560,247,34,800
244: 11,483,657,652,647,701,353,122,725,594,210,444,214,830
245: 174,35,1
246: 633
247: 577,479,57,838,386,226,243,134,434,443,531
248: 675,504,576,77,19,681,666,422,51
249: 180,417,418,339,378,754,614,735,808,93,153,449,274
250: 586,479,111,226,443,321,481
251: 11,483,667,267,364,135,594,192,185,468,727,693,202
252: 726,14,772,433,318,60,264,530,352,310,816,829,821
253: 69,762,355,752,549,278,637,494,28,486,772,461,438,271
254: 340
255: 47,148,445
256: 270,91,138,150,508
257: 46,96,137,583,55,186,166,78,700,269
258: 219,94,522,742,612,380,602,728,239
259: 188,150,811,500,420,341,173,287,145,640,79
260: 444,214,11,267,546,468,27,18
261: 22,656,561,347,212
262: 307,662,518,96,78
263: 402,33,718,832,691,346,775,155,157
264: 772,433,60,252,352,829,378,625
265: 112,552,131,334,745,390,405
266: 488,359
267: 11,251,364,135,594,436,672,260,214,468,18
268: 35,68,446,151,1,706,88,484
269: 166,78,600,186,75,137,257,583,55
270: 256,480,138,150
271: 21,610,461,253,549,28,772,625,538,50,398,103
272: 124,557,629,220,470
273: 658
274: 210,449,153,300,12,281,122,563,417,249,339
275: 536,180,597,117,135,624,137,507,684,583,129,667,202
276: 338,760,618,843,315,97,219,94,380,769,8,462
277: 83,47,314,568
278: 355,752,253,52,821,158,813
279: 611,41,616,644,510,235,358,764,82,80,125,523
280: 242
281: 12,630,619,153,300,274
282: 
283: 723,631
284: 132,596,396,155,188,382,402,33,743,86,799
285: 84,832,529,686,826,537,179,362,478
286: 466,0
287: 130,718,439,341,203,259,429,155,79
288: 682,19,387,422,785,393,504,77
289: 551,648,814
290: 755
291: 444,584,830,317,133,701
292: 695,487,593,217
293: 614,572,517,446,415,345,433,352,108
294: 518,38,566,790,837
295: 12,498,699,611,82,80,711,200,642,13,804,191,501
296: 590,588,397,184,831,571
297: 95,344,748,17,49
298: 182
299: 
300: 464,13,432,232,579,60,378,153,12,281,630,563,339,274
301: 157,138
302: 361,53,403,639,395,241
303: 237,437,809,735,721,610,600,741,128,75,583,180,418,114
304: 
305: 212,389,195,525,215,231,522
306: 541,149,193,527,675,71,120,733,627,779
307: 372,262,518,66,595,405
308: 159,329,34,44
309: 366,746,165,561,127,663,347,212
310: 252,530,829,720,549,564,368,398,48,232
311: 492,666,164,62,184,590,36,704
312: 144,844,233,771,4
313: 754,614,237,735,517,786,93
314: 461,438,98,496,277,532
315: 338,682,64,760,843,276,653,587,25,97,8
316: 164,62,555,184
317: 133,580,228,230,542,755,701,291,584,830,801,146,142
318: 726,433,60,252,788,816,706,548,171,573,457
319: 63,827
320: 703,773,424,384
321: 226,250,481
322: 39,194,379,189,713,165,2,802,515,805,347,22
323: 762,52,549,637,61,368,839,36
324: 58,787,698,374,474
325: 533,168,382,65
326: 749
327: 350,124,796,570,774,845,423,14,530,788
328: 91,188,815,683,659
329: 201,308,159,34,800,351,7,163
330: 123,357,368,51,789,791,205,737,527,810,702,31
331: 533,421,136,27,396,168,526,382,118
332: 425,823,187,113,824,707,797,407,634,803
333: 39,189,370,607,534,2,545
334: 265,390,646
335: 777,139,413,101,9,3,231
336: 683,132,429,719,578,74,87,651,661,6
337: 759,582,20
338: 682,760,618,315,120,276,143,25,26,627,817,462
339: 563,536,180,417,249,597,714,378,808,50,153,232,300,579,274
340: 254,687,174
341: 420,475,203,500,40,287,130,259,79
342: 390,595
343: 724,193,401,500,238,750,102
344: 297,95,679,71,356,238,17,90,476,49
345: 89,35,457,293,517,606,108
346: 811,775,362,832,263
347: 783,178,713,322,309,463,177,805,261
348: 524,487,734,86,759,349,385,659,603
349: 759,385,659,363,91,815,508,348
350: 243,796,327,845,567,744,34,14
351: 329,7,163,751,399,833
352: 772,433,252,264,446,415,486,625,293,538,572
353: 647,244,122,563,117,725,685,121,31
354: 734,654,799,683,719,596,784
355: 253,278,821,484,151,813,14
356: 455,81,401,238,344
357: 123,794,847,368,588,789,330,791,381
358: 279,41,16,554,204,224,565,836,82,125
359: 515,442,379,266
360: 599,222,560,111,226
361: 53,302,38,42
362: 493,420,537,173,203,613,179,285,832,686,169,811,346
363: 815,508,349,385
364: 417,418,135,594,436,449,391,114,672,58,267,251
365: 95,181,425,145,640,824
366: 139,309,482,211,387,127,393,663,504,206
367: 90,109,17
368: 61,123,794,357,330,398,36,323,549,310,564
369: 172,89
370: 534,615,236,39,333,545
371: 213,539,621,593,650,695,105
372: 307,595
373: 375,158,201,34
374: 436,449,93,197,692,418,474,58,324,787
375: 373,201
376: 803
377: 164,674
378: 433,60,264,614,625,808,153,232,300,249,339
379: 322,503,713,515,359,442
380: 219,258,94,522,8,276
381: 103,507,198,684,847,357,791,398,414
382: 65,402,33,118,743,284,396,168,325,533,331
383: 455,42,724,401
384: 447,784,703,320,654
385: 759,349,659,363,815,348,487,86,723
386: 410,598,479,838,247,411,556,204,162,216,56,565,670
387: 19,453,489,211,54,785,366,393,504,206,288
388: 513,185,468,192,672,622,520
389: 139,746,717,101,305,212,525,231
390: 342,581,405,265,334,745,646
391: 129,394,474,192,114,763,672,364,418,58
392: 792,698,741,628,170,846,812,197,404,237,721,93,512,692,665
393: 127,589,663,489,54,495,387,785,366,504,288
394: 129,474,391,114,229,75,166,641
395: 240,497,639,53,302
396: 284,132,429,155,546,439,59,421,168,526,382,402,118,331
397: 588,296,53,116,632,571
398: 368,549,28,772,310,271,50,737,232,103,381,414
399: 489,751,673,7,577,57,351,531,440,660,833,765,16,32
400: 428,196,709,115
401: 724,543,193,343,238,831,383,356
402: 382,263,33,118,691,421,284,396,155
403: 639,302,241
404: 392,170,846,426,427,665
405: 390,664,38,307,66,265,745
406: 648,176
407: 20,332,707,490
408: 139
409: 70,234,776
410: 479,838,386,411,586,556,24
411: 648,551,176,410,598,386,147,24,56
412: 797,187,602,728,677,43
413: 717,101,679,335,90
414: 536,597,714,685,791,398,737,103,507,684,381
415: 172,446,88,83,486,352,293,538,572
416: 15,481,171,599,687,521,226,820,570
417: 563,364,180,249,418,597,714,725,135,339,594,210,436,449,274
418: 364,180,417,249,303,721,93,197,436,449,374,474,391,114,58
419: 17
420: 493,341,475,173,757,203,613,362,724,500,259
421: 513,691,727,546,439,396,155,402,118,331
422: 669,644,16,235,785,764,19,681,690,248,77,143,288
423: 124,570,327,557,171,788,816
424: 67,190,585,773,320
425: 365,332,748,450,823,49,612,239,824
426: 227,628,170,846,732,404
427: 227,170,404
428: 505,196,400,709,70,767,216
429: 336,132,396,155,79,287,130,652,439,755,59,87
430: 9,736,671
431: 207
432: 464,642,300,579,12,699,122,563,121,31
433: 318,60,252,264,352,378,619,614,625,293,153,108
434: 226,134,110,124,570,443,247,15,629,554,470
435: 736
436: 210,449,374,364,417,418,594,672,58,267,214,18
437: 303,614,625,237,538,516,572,809,735,610,600,568
438: 314,461,69,253,494
439: 287,483,130,652,718,546,59,421,429,396,155
440: 204,37,495,489,54,399,765,16
441: 545,477,2,587,770,678
442: 515,359,379
443: 434,247,250,565,554,502
444: 291,260,214,584,830,11,652,542,546,244,701,59
445: 85,83,88,255
446: 35,151,268,706,88,415,352,293
447: 535,719,596,654,384
448: 204,37,216
449: 210,436,274,374,93,364,417,249,418
450: 425,71,541,476,219,239,834
451: 225,678,94,459,506
452: 697,680
453: 492,233,660,387,206
454: 573,619,557,171,60,13,630,498
455: 383,356,102
456: 624,507,626,550,684,116,789,571,757
457: 573,35,345,318,108
458: 618,97,769,462,591,142
459: 94,781,225,195,451,73,506
460: 491,758,176
461: 314,438,271,496,253,494,28,486,538,103
462: 834,338,618,276,228,769,458,142
463: 746,178,347
464: 205,711,200,13,48,737,432,232,300,579,669,220,12,31,623
465: 636,761
466: 286,0
467: 104
468: 388,513,185,727,192,672,267,251,260,520,27,18
469: 587,589,740,708,224,828,41,125,477
470: 82,502,272,124,434,557,629,554,220,498
471: 24,551,528,147
472: 70,54,673,491,767,216
473: 163,201,674
474: 394,391,114,721,698,741,197,418,374,58,324,787
475: 420,341,203,149,810,130,689,647
476: 90,49,679,71,219,344,450
477: 441,694,2,587,469,770,161
478: 199,185,691,727,693,285,686
479: 410,838,111,386,247,250,586,226
480: 173,613,102,270,150
481: 15,416,250,226,321
482: 366,211,547,183,776
483: 11,130,657,689,652,546,439,251,244,203
484: 567,158,151,268,88,355
485: 167,174
486: 253,494,83,415,352,461,538
487: 539,524,348,621,86,593,385,603,292
488: 266,835
489: 211,54,399,673,495,440,660,765,387,785,393
490: 190,634,6,107,407,29
491: 460,7,635,472,673
492: 19,453,44,311,660,666,822,164,36
493: 420,537,757,203,613,179,362,550
494: 69,752,253,486,83,461,438
495: 204,37,440,668,489,54,41,127,589,393,819
496: 610,314,461,600,98,568,186,55
497: 69,762,52,637,639,395,511,61,795
498: 295,12,630,557,454,220,82,470,13
499: 761,696,99,636,72
500: 724,541,149,193,343,559,750,40,420,341,145,259
501: 133,642,804,295,12,699,191,26
502: 82,470,443,565,554
503: 234,514,194,379
504: 248,576,106,77,206,19,387,366,393,288
505: 428,615,196,37,767,216,56,668,705
506: 451,459,141,73
507: 624,456,103,137,626,684,381,583,55,791,536,275,414
508: 363,91,256,349
509: 166,78,655,96
510: 221,279,616,629,235,220,48
511: 240,184,497,52,608,61,839
512: 692,712,698,392,197,787
513: 388,185,691,468,727,421,520,136,27,118
514: 194,574,503,234,165
515: 359,805,442,379,322
516: 237,437,572,809,47,172,568,732
517: 754,614,293,572,313,172,89,345,606,108
518: 294,96,262,307
519: 798,585,651,113,661
520: 136,27,18,622,388,513,468
521: 175,599,687,548,174,416
522: 219,258,94,380,602,8,677,305,195,525
523: 64,143,611,279,41,644,764,80,125,25
524: 348,487,621,734,86,799
525: 90,231,389,717,305,522
526: 168,793,535,59,132,396,331
527: 543,149,193,306,559,810,51,330,733,702,31
528: 196,147,471
529: 285,826,66,537,745,581
530: 14,60,252,310,816,829,124,327,720,821,221
531: 243,134,7,577,57,247,159,800,399,32
532: 314,98
533: 325,331,168,382,118
534: 370,607,333
535: 168,793,526,447,132,719,596,578
536: 275,180,414,597,714,339,50,103,507,583
537: 493,613,179,362,745,756,285,529
538: 625,437,572,415,486,352,461,271,568
539: 371,213,487,603
540: 0
541: 149,193,306,500,750,71,40,779,145,450
542: 652,755,701,59,317,444,584
543: 193,401,527,238,590,51,675,71
544: 126
545: 441,694,39,333,370,2
546: 11,483,652,439,59,260,444,421,27,396
547: 70,211,731,482
548: 706,687,521,174,171,318,788
549: 323,253,637,28,772,310,271,368,398
550: 624,456,96,137,626,116,756,664,700,493,179
551: 289,648,411,24,471
552: 112,265,837
553: 
554: 616,629,358,434,443,82,502,470
555: 316
556: 818,410,386,24,670
557: 15,171,272,124,423,454,470,498
558: 761
559: 724,193,527,500,810,831,571,789
560: 111,242,360,226,243
561: 2,587,663,309,653,212,261,656
562: 92
563: 417,714,725,339,432,300,579,12,122,210,274,353
564: 720,310,221,368,36,48
565: 836,670,386,443,204,162,358,502
566: 790,294,837,595
567: 158,744,484,34,813,350,14
568: 600,496,277,437,538,516,809
569: 
570: 226,134,820,124,796,434,774,327,423,15,416
571: 724,559,831,397,789,296,456,757
572: 237,293,437,538,516,517,415,172,352
573: 619,454,457,318,108
574: 514
575: 126,22,783,807
576: 248,704,675,504,679,106,71,77
577: 57,838,247,7,710,800,243,531,399
578: 336,132,719,74,661,100,146,793,535,784
579: 464,737,432,232,300,563,714,339,685,31
580: 317,133,618,26,228,230,142
581: 390,745,529,826,646
582: 337
583: 103,137,507,257,55,610,600,303,75,536,275,180,269,114
584: 291,444,317,542,59,801
585: 798,519,113,661,5,591,424,773
586: 250,410,479,111
587: 2,561,589,469,663,770,477,441,64,315,653
588: 61,123,794,357,590,397,296,795,184
589: 587,127,617,469,393,715,740,819,495,668
590: 123,588,51,296,311,184,842,543,831
591: 742,5,458,798,585,773
592: 722
593: 371,487,621,152,217,695,292
594: 364,417,597,117,725,135,210,436,11,267,251,244,214
595: 342,372,307,566
596: 284,132,719,168,535,447,743,354
597: 536,275,180,417,414,714,117,725,135,339,594
598: 176,838,386,411
599: 360,687,521,175,820,416
600: 610,568,496,303,437,809,186,23,75,583,55,269
601: 85
602: 258,522,612,781,728,677,412,797
603: 759,119,539,348,487
604: 26,733,627,40,779,228,230,31,817,149
605: 777
606: 108,345,754,517
607: 534,333,189
608: 52,511,839
609: 154,722,72,758
610: 21,600,271,496,303,437,50,103,583,55
611: 669,279,644,235,764,80,711,804,295,523,143,191,623
612: 219,258,602,823,187,425,239,797
613: 493,420,537,173,757,480,362,131
614: 754,625,293,437,735,313,808,517,433,378,153,108,249
615: 505,196,236,76,370
616: 221,279,16,629,510,235,32,554,220,110
617: 2,705,127,802,589,715,819,39,165
618: 338,276,25,97,26,580,769,458,462,142
619: 573,454,433,60,153,108,281,630
620: 
621: 371,524,487,654,799,593,650,152
622: 58,763,672,388,520,18
623: 26,733,121,31,669,611,205,711,464,642,804,143
624: 456,137,507,550,684,275,117,135,179,667
625: 614,437,538,808,50,433,264,352,378,271
626: 46,456,507,550,116
627: 604,26,779,228,817,338,120,306
628: 792,780,392,128,846,732,426,237
629: 221,616,510,554,220,272,124,434,470
630: 12,281,498,60,619,454,13,300
631: 86,283,723
632: 241,198,116,639,397,53
633: 840,246
634: 490,803,332,113,107,797
635: 491,673
636: 465,99,499,761
637: 69,762,323,253,549,28,497,639,61,795,198
638: 
639: 403,497,69,637,395,302,241,198,632
640: 365,95,145,750,91,259,150,79
641: 
642: 711,200,432,804,295,12,699,26,121,623,501
643: 
644: 669,422,611,279,235,764,523,143
645: 716
646: 334,390,581,138
647: 130,657,689,244,353,117,685,810,31,475
648: 406,814,411,551,289
649: 688
650: 152,703,371,621,654
651: 87,519,107,661,824,336
652: 483,130,657,542,546,439,755,244,701,59,444,429
653: 315,587,561,663,8
654: 354,213,621,799,447,784,650,384
655: 166,509,729,137,129
656: 261,678,561,8
657: 483,130,689,652,647,244,701
658: 273,45
659: 349,385,328,91,815,683,6,348,734
660: 492,19,690,453,833,822,765,489,751,399,32
661: 74,585,519,651,107,100,336,578,784
662: 262,790
663: 587,561,127,393,366,309,653
664: 38,96,550,116,756,66,131,405
665: 692,786,392,170,404
666: 492,19,233,311,248,704
667: 689,251,624,275,117,135,203,179,202
668: 204,37,495,708,224,505,54,589,715,740
669: 422,611,644,235,681,205,711,464,48,143,623
670: 565,386,556,818
671: 139,746,736,430,178
672: 391,192,763,364,436,58,622,267,388,468,18
673: 489,472,70,54,751,399,491,635
674: 44,163,473,377,164
675: 248,576,106,71,120,543,306
676: 217
677: 522,602,781,195,215,841,412
678: 747,656,441,451
679: 717,413,576,71,238,90,476,344
680: 452
681: 30,19,669,422,51,205,248
682: 338,64,760,315,120,143,288,764,106,77
683: 336,328,6,659,354,734
684: 624,456,507,381,789,791,275,414,117,685
685: 414,714,117,725,791,737,579,684,810,31,647,353
686: 285,832,203,179,362,718,478,727,693
687: 340,599,744,521,548,820,845,416
688: 649,73
689: 483,130,657,667,647,117,475,203
690: 30,19,660,822,765,422,16,32
691: 478,513,185,727,421,263,402,118
692: 512,665,93,698,392,197,374,787
693: 478,199,185,727,202,192,251,686
694: 545,477,236,828,740
695: 292,371,593,152
696: 499
697: 452
698: 741,392,812,197,512,692,474,324,787
699: 295,12,122,642,432,121,501,133
700: 66,96,137,550,257,756
701: 130,657,652,542,755,244,230,317,133,291,444,830
702: 733,31,51,330,205,527
703: 320,67,650,384
704: 576,233,311,666
705: 617,715,819,505,39,165
706: 35,68,446,151,268,548,744,726,318,788
707: 109,187,332,407
708: 204,162,224,668,236,828,469,715,740
709: 428,196,400,147,216
710: 7,577,800
711: 205,464,200,642,804,669,611,295,623
712: 
713: 379,322,177,805,347
714: 563,536,417,414,597,725,339,685,579
715: 705,589,617,740,708,668,39
716: 645
717: 413,101,679,106,71,389,525,90
718: 287,439,203,686,727,155,263
719: 336,132,596,578,535,447,784,354
720: 134,124,821,14,530,310,564,221,48
721: 303,237,735,93,741,392,197,418,474,114
722: 609,758,592
723: 283,385,86,631
724: 193,343,401,500,559,831,571,383,420,757
725: 563,417,597,714,117,135,594,685,244,353
726: 14,318,252,788,816,151,706
727: 478,513,185,691,468,421,693,718,251,686
728: 258,602,781,5,113,412,797
729: 655,137,129,179,202
730: 806
731: 547,163,144,844
732: 780,628,47,227,426,237,516,809,23
733: 604,26,702,31,623,205,143,306,527
734: 354,524,348,799,683,6,659
735: 303,614,237,437,721,313,808,93,180,249
736: 430,671,435
737: 205,464,232,579,330,791,398,414,685,31
738: 
739: 766,72
740: 589,469,715,708,224,668,828,694
741: 698,392,229,128,812,197,303,237,721,474,114
742: 258,5,798,239,113,591
743: 382,65,284,596,168,86
744: 687,567,706,350,845,14,788
745: 537,265,390,581,405,529,826
746: 139,671,389,309,463,178,212
747: 208,678,22
748: 297,95,425,823,49
749: 326
750: 541,193,343,500,95,145,640
751: 399,673,163,351,660,833
752: 253,278,494
753: 
754: 614,313,517,606,93,153,108,249
755: 130,652,542,701,317,87,429,290
756: 550,664,700,66,537,179
757: 493,420,613,456,724,571,131
758: 72,460,609,722
759: 337,349,385,603,348
760: 338,682,315,120,276,106,219
761: 499,558,636,465
762: 69,323,253,52,637,497,61
763: 391,672,58,622
764: 422,611,279,41,644,235,682,64,523,143
765: 690,660,489,399,440,16,32,785
766: 739
767: 37,216,428,505,472,70,54,819
768: 842
769: 94,618,276,97,458,462
770: 587,477,441,843,161,8
771: 844,312,233,4,206
772: 252,264,352,829,253,549,271,398
773: 320,585,591,424
774: 820,796,570,327,845
775: 188,815,346,155,157,263,33
776: 183,409,482
777: 605,139,335
778: 241,46,103,198,55
779: 604,627,40,228,541,149,306
780: 792,628,229,128,846,732,23
781: 459,602,728,677,195
782: 85,160
783: 807,347,575
784: 190,661,719,578,354,213,654,384
785: 422,16,489,19,765,387,393,288
786: 89,313,170,665
787: 58,324,698,197,512,692,374,474
788: 726,318,744,706,548,327,845,423
789: 357,330,791,456,684,559,810,571
790: 662,566,294
791: 357,789,330,737,507,684,381,414,685,810
792: 780,628,392,229,846,812
793: 526,535,132,578
794: 61,123,847,357,368,588,795
795: 61,794,588,497,637,198
796: 226,350,820,570,774,327,845
797: 412,187,612,602,728,332,113,634,803
798: 74,239,585,519,742,591
799: 354,524,621,734,86,654,284
800: 159,329,34,7,710,577,243,531
801: 146,142,317,584
802: 2,617,39,194,322,165
803: 634,332,113,376,797
804: 711,642,611,80,295,143,191,26,623,501
805: 515,713,322,177,347
806: 730
807: 783,575
808: 614,625,735,50,378,180,249,339
809: 303,237,437,516,600,568,23,128,732,75
810: 149,527,559,789,330,791,685,31,475,647
811: 188,138,259,150,346,173,362,169
812: 792,698,741,392,229,128
813: 34,567,158,355,278,821,14
814: 648,289
815: 363,328,91,188,775,349,385,659,86
816: 726,318,60,252,530,423
817: 604,26,627,228,338
818: 
819: 705,127,589,617,54,767,495,165
820: 796,570,774,599,687,416
821: 355,278,813,720,14,252,530
822: 492,690,660,833,32
823: 187,49,612,332,425,748
824: 651,107,365,332,425
825: 17,156,109
826: 285,529,169,745,581
827: 177,319
828: 236,708,224,469,740,694
829: 772,60,252,264,530,310,232
830: 291,444,122,317,133,244,701
831: 724,193,401,559,571,590,296
832: 285,84,686,169,362,346,263
833: 660,822,351,751,399,32
834: 74,239,462,228,219,450
835: 488
836: 565,224,358,125
837: 552,38,294,566
838: 577,410,598,479,386,247
839: 61,36,323,608,511
840: 633,201
841: 223,215,677,43
842: 184,768,590
843: 315,276,770,25,161,97,8
844: 144,312,731,233,771
845: 350,796,774,327,687,744,788
846: 792,780,628,392,404,426
847: 794,357,198,381