0: 62
1: 46,32
2: 25
3: 51,63,9
4: 17,42,19,30
5: 8,11,49
6: 58,33,11,43
7: 37
8: 5,13,64,19
9: 3,53
11: 5,43,6,29,67
12: 68,13,26,18
13: 68,48,60,12,30,8
14: 
15: 34
16: 54
17: 53,71,4
18: 12,26
19: 64,51,4,8
20: 
21: 40,44,28,38,69,61
22: 41,49
23: 
24: 
25: 2
26: 61,68,12,18
27: 
28: 44,46,21
29: 71,11,43
30: 40,13,4
31: 47,45,55,61
32: 1
33: 6,43
34: 15,56
35: 
36: 
37: 7
38: 62,21,40,45
39: 54
40: 42,21,38,30
41: 57,22,73
42: 40,66,4
43: 11,71,33,6,29
44: 46,21,28,69
45: 31,55,61,38,69
46: 1,44,28
47: 31,61
48: 60,13
49: 22,51,5
50: 
51: 3,49,19
52: 
53: 17,9
54: 39,16
55: 31,45
56: 34
57: 41,64
58: 6,65
59: 65
60: 68,48,13
61: 47,31,45,26,21,68
62: 38,0,69
63: 3,70
64: 57,19,8
65: 58,59
66: 42
67: 11
68: 60,12,13,61,26
69: 62,44,21,45
70: 63
71: 17,43,29
72: 
73: 41