0: 160
1: 108
2: 22,126,196,54,30,140,41
3: 90,4,81,9
4: 139,3,101
5: 187
6: 79,74,145,155,91,152
7: 176,99
8: 64,125,143,80,122,120,146
9: 3
11: 157,199,135,117,18,129
12: 80,200,143,130,120,146
13: 50,31,210,26,93
14: 35,34
15: 167,110
16: 54
17: 71,90,139
18: 170,199,210,202,58,11,27
19: 70,30,178,101
20: 207,29
21: 186,83,148,28,103,85,31
22: 2,30,165,51,41,49,195
23: 
24: 76,196,162,56
25: 73
26: 31,170,123,210,117,200,121,61,13,130,40
27: 168,18,142,180
28: 159,50,61,88,21,31
29: 20
30: 204,56,54,19,2,22,126,41
31: 123,117,26,172,21,28,50,61,13,103
32: 134,124,36
33: 
34: 14
35: 174,14
36: 134,32,44,77,201,48
37: 54,57
38: 150,116,53,42,102
39: 189,194
40: 116,123,117,26,102,87,179,150
41: 195,30,2,22,126
42: 184,38
43: 
44: 77,201,184,36
45: 
46: 179,131,96
47: 108,83,89,114,172
48: 143,159,36,125,134,204,77,64,106,120
49: 64,22,51,139,101,94
50: 28,159,13,151,60,31
51: 178,101,22,49
52: 
53: 116,69,66,38
54: 37,57,16,30,2
55: 202,135,114,78
56: 30,57,24
57: 54,37,56
58: 75,18,192,202,136
59: 141,133,132,152
60: 151,82,50
61: 28,159,69,77,31,26
62: 198,164
63: 
64: 49,8,204,48
65: 
66: 53,169
67: 
68: 88,104,83
69: 77,198,61,116,53,85
70: 19
71: 17,102,139,149,87,193,106
72: 154
73: 161,25
74: 149,87,6
75: 58,197,114,202
76: 24,196,162
77: 44,69,201,36,48,61,106
78: 55,137
79: 6,91,152
80: 12,125,82,143,8,146
81: 3
82: 125,124,143,60,80
83: 148,47,68,21
84: 157
85: 21,69
86: 105
87: 149,130,193,74,71,102,203,150,40
88: 68,28
89: 108,47,197,172
90: 139,3,17
91: 119,79,6,173,145
92: 
93: 13,210,172
94: 149,97,122,49
95: 
96: 98,131,169,46
97: 94,122,146,141
98: 96,103,123
99: 176,7
100: 67
101: 51,139,4,178,19,49
102: 71,116,87,193,106,150,38,40
103: 98,21,186,31,123
104: 171,68
105: 86
106: 120,77,48,205,71,102
107: 
108: 47,1,89,153
109: 187
110: 15
111: 
112: 
113: 208
114: 47,202,55,75
115: 
116: 53,69,102,131,38,40
117: 31,170,123,135,26,11,40
118: 136
119: 155,91,188,181,173
120: 130,122,106,143,121,48,205,12,8
121: 205,26,130,120
122: 97,94,120,8,146
123: 31,135,117,26,98,103,40
124: 134,32,82
125: 134,204,82,143,48,80,8
126: 2,196,30,140,41
127: 
128: 
129: 137,11,157
130: 87,120,200,121,205,12,26,142
131: 179,169,46,96,116
132: 59,168,152
133: 141,59,142
134: 125,32,204,124,36,48
135: 170,199,123,117,202,55,11
136: 192,58,118
137: 129,78
138: 145
139: 90,4,101,49,71,17
140: 196,2,126
141: 146,133,59,97
142: 180,200,191,130,133,27
143: 48,125,82,12,80,8,120
144: 183,209
145: 173,138,6,91
146: 141,12,80,8,97,122
147: 182
148: 83,166,21
149: 87,94,193,74,71
150: 179,38,102,203,87,40
151: 50,60
152: 59,132,79,6
153: 108,172
154: 72,183
155: 119,188,6
156: 207
157: 11,84,129
158: 163,201,198,164
159: 28,48,50,61
160: 0
161: 195,208,73
162: 24,76
163: 201,198,164,158
164: 163,62,198,158
165: 206,22
166: 148
167: 15
168: 27,185,180,132
169: 131,66,96
170: 199,135,117,26,18
171: 104
172: 31,47,89,153,93
173: 181,145,119,91
174: 175,35
175: 174
176: 99,7
177: 208,195
178: 51,101,19,206
179: 150,131,46,40
180: 142,168,27
181: 173,119
182: 147
183: 154,209,144
184: 44,42
185: 168
186: 21,103
187: 109,5
188: 155,119
189: 39
190: 
191: 200,210,142
192: 202,58,136
193: 149,87,71,102
194: 39
195: 41,161,22,177,208
196: 24,76,2,126,140
197: 89,75
198: 163,62,69,201,164,158
199: 170,135,18,202,11
200: 12,26,191,130,142
201: 163,44,77,198,158,36
202: 192,55,199,135,114,18,58,75
203: 87,150
204: 125,134,30,48,64
205: 121,130,106,120
206: 165,178
207: 20,156
208: 113,177,195,161
209: 183,144
210: 26,13,18,93,191