0: 160
1: 108
2: 76,57,56,64,140,126
3: 90,81
4: 42,139,101
5: 6,107
6: 5,94,74,97,107,145
7: 
8: 41,49,30,64,80,122,146
9: 
11: 157,129,117
12: 93,120,122,133
13: 28,143,159,50,93,31,26
14: 104,171,68
15: 110,124,167,82
16: 54
17: 71,138,107,95,145
18: 27,26,172,170
19: 57,70,165,30
20: 29
21: 85,69,103,31
22: 41,49,30,165
23: 148,166,78
24: 110,56
25: 73,140,126
26: 31,117,172,13,93,18,27
27: 18,26,133,168
28: 13,143,159,50,61,88,77
29: 173,91,20
30: 41,49,22,8,64,19,51,165
31: 26,123,172,21,47,13,159,50
32: 124,34,56,36
33: 
34: 124,36,32
35: 175
36: 34,32,48
37: 39,115
38: 150,116,42,71,138
39: 37,162,147
40: 98,102,116,61,117,123,87
41: 49,30,126,22,161,8,64,73
42: 4,163,112,38
43: 
44: 163,101
45: 
46: 96,131
47: 108,89,31,172
48: 134,36,106,101
49: 41,30,22,8,51,90,101,139
50: 13,28,143,93,151,153,31,172
51: 90,165,101,49,30
52: 
53: 116,66
54: 57,16
55: 114,128,166,78
56: 57,2,110,24,32
57: 99,2,56,19,54
58: 136,118
59: 141,133,142,97
60: 151,82
61: 28,121,159,106,102,77,40,87,120
62: 164,66,69
63: 
64: 2,41,30,126,8
65: 132,152
66: 62,53,112
67: 100
68: 88,104,14,151
69: 85,21,62
70: 19,165
71: 138,17,102,149,87,74,38,150
72: 154
73: 25,41,126,161
74: 149,71,145,6
75: 114,128
76: 2,162,140
77: 163,102,28,61
78: 23,55
79: 155,152
80: 8,146
81: 3
82: 15,60,125
83: 
84: 
85: 21,69
86: 
87: 149,130,120,102,61,40,117,71
88: 68,28
89: 47
90: 51,3,49,139
91: 119,29,173
92: 
93: 13,12,50,153,26
94: 142,130,97,6
95: 107,17,109,156
96: 98,46
97: 142,94,141,59,152,6,100
98: 96,40,116,123
99: 57
100: 97,152,67
101: 51,48,44,106,49,139,4
102: 163,77,116,61,106,40,71,87
103: 21,148,166
104: 14,171,68,167,174
105: 
106: 121,61,48,102,101,120
107: 95,17,6,5
108: 47,1,153
109: 95
110: 15,124,56,24
111: 
112: 66,42
113: 
114: 75,128,55
115: 37
116: 163,102,98,40,53,38
117: 26,123,40,87,11
118: 58
119: 91,173
120: 87,130,122,121,12,61,106
121: 61,106,120
122: 142,130,120,12,8,146
123: 31,117,98,40
124: 15,110,34,125,32,134
125: 134,124,82
126: 41,2,64,140,25,73
127: 
128: 114,75,135,55
129: 11,157
130: 149,87,142,94,120,122
131: 169,46
132: 152,155,65
133: 59,12,27,142
134: 125,48,124
135: 128,137
136: 58
137: 135
138: 71,17,38,150
139: 4,90,101,49
140: 76,2,126,25
141: 146,59,97
142: 130,94,122,97,133,59
143: 13,28,50
144: 
145: 17,74,6,173
146: 141,8,80,122
147: 39,162
148: 166,23,103
149: 87,130,74,71,150
150: 38,71,138,149,157
151: 68,60,50
152: 97,132,100,79,65
153: 108,50,93,172
154: 72
155: 79,132
156: 95
157: 11,129,150
158: 
159: 13,28,61,31
160: 0
161: 41,73
162: 76,39,147
163: 44,102,77,116,42
164: 62
165: 51,70,19,30,22
166: 148,23,103,55
167: 104,15
168: 27
169: 131
170: 18
171: 104,14,174
172: 31,26,47,50,153,18
173: 29,145,119,91
174: 104,171
175: 35