0: 540,466
1: 89
2: 322,333,561,589,469,617,477,64,208
3: 430,9
4: 312,206
5: 585,107,113,412,459,602,376,490
6: 74,425,519,190,336,107,365,332,354,490
7: 472,57,32
8: 338,64,380,587,25,161,97
9: 3,605,139
11: 287,483,594,267,546,214,130,244,230,317,122,260,444,291
12: 295,281,300,13,432,339,563,210,274,501,244,133,122
13: 300,432,232,339,220,60,619,295,12,281
14: 484,151,60,423,252,350,278
15: 557,272,327,548,416,171,573
16: 422,204,489,54,19,482,589,393,387,288
17: 367,90,81,335,238,419,344
18: 520,214,436,192,260,27,468,251
19: 453,351,489,211,422,399,204,16,387
20: 407,431,29,337,582
21: 271
22: 575,126
23: 128,568
24: 76,386,556,443,162,565,56
25: 161,125,97,80,338,8,26,618,191
26: 121,501,228,618,623,611,80,464,338,276,120,25,191
27: 260,444,331,267,468,136,18
28: 123,456,588,381,549,330
29: 407,20,181,328,490
30: 492,44,351,36,564,323,159,253,32
31: 205,464,432,330,579,339,414,353,604,149,130,244,623,475
32: 221,616,110,399,7,134,159,57,30,351
33: 382,157,118,363,284,188,396,402,346
34: 329,567,373,243,531
35: 68,517,599,174,293,151
36: 492,30,248,564,61,51,368,311,205
37: 54,495,162,56,505
38: 395,361,42,53,112,116
39: 194,189,615,505,322,333,127,534,370
40: 604,239,306,228,130,230,541,341,145,87
41: 495,162,565,235,204,224,589,469,64,125
42: 383,455,240,361,184,38,53,112
43: 187,376
44: 492,30,323,377,164
45: 273
46: 493,103,96,507,559,116
47: 227,104,415,83,172,568
48: 205,464,310,232,220,530,564,221,510,368
49: 525,106,219,71,238,612,450
50: 536,180,417,249,597,583,264,437,300,339,398
51: 311,248,36,205,527,77,543
52: 308,69
53: 296,361,184,397,590,38,42,383,455,571,116,480
54: 37,495,70,165,234,16,366,482,127
55: 241,257,103,600,583,78
56: 37,162,386,505,24,76
57: 134,247,7,472,577,440,616,32,399
58: 374,391,192,520
59: 584,526,317,444,578,290,542
60: 14,318,252,619,272,124,454,13,530
61: 123,368,511,311,588,164,36
62: 184,316,311,164
63: 319
64: 8,380,315,41,2,589,393,469
65: 168,382,325,593,152,447
66: 509,78,518,257,96,262,405
67: 105,424
68: 35,151
69: 198,278,253,52
70: 489,163,211,491,547,234,54,482
71: 541,193,343,77,543,238,106,413,219,120,239,306,49,450
72: 298
73: 459
74: 585,6,519,336,113,87,228,142,458,591,146
75: 394,391,229,269,114,303,166
76: 24,236,56,370
77: 527,71,543,248,51,120,306
78: 166,66,186,269,257,55
79: 354,429,188,155,145,336,87
80: 82,611,279,523,200,295,25,125,26
81: 17,419
82: 470,80,279,220,498
83: 610,486,445,47,461,484
84: 362
85: 601,445
86: 524,593,349,284,283,217,487
87: 74,336,578,40,228,230,317,155,341,145,79,429,290
88: 446,158,445,484
89: 1,227,452
90: 525,215,367,231,17,389
91: 181,349,363,508,188,328
92: 465,562
93: 108,170,153,313,237,378,249,418,449,274,197
94: 258,522,462,141,195,587,97,208,225,506,451
95: 297,365,344,476,343,238,256
96: 241,257,46,518,395,509,66,131,116
97: 25,161,8,276,618,94,462,141,451
98: 314,302,241
99: 499
100: 447,190,320,132,535,213
101: 387,335,504,233,576,206
102: 296,500,455,150,173,480
103: 46,493,55,507,456,381,275,414,117,624
104: 227,47,415,614,108,606
105: 67
106: 504,219,288,120,71,49
107: 5,6,113,412,332,490
108: 93,153,606,104,345,457,433,614,172
109: 367,297,156
110: 434,616,32,134,247
111: 222,560,243
112: 552,270,38,42
113: 585,74,5,519,107,412
114: 364,275,180,418,303,394,75,391,192,202,229
115: 154,400,165,234,503,514,347
116: 571,173,131,480,613,38,46,96,559,53,270
117: 275,493,103,507,202,624,179,483,203,135,475
118: 263,513,185,439,421,331,533,396,402,157,33
119: 337,348,603
120: 338,219,288,276,106,71,77,604,26,121,239,306,228
121: 604,26,501,239,228,130,230,623,120
122: 260,291,12,563,214,210,244,133,11
123: 61,456,368,28,590,588,381,205,330
124: 226,134,272,327,159,570,60,221,434,530
125: 25,41,523,80,502,224,469,315
126: 322,22,266,544
127: 322,261,617,165,54,39,514,366
128: 23,474,426,392,237,516,303,229
129: 394,192,202,137,199,251
130: 604,149,121,40,244,230,31,353,11,287,203,475,341
131: 537,173,116,96,507,270,169,550
132: 284,354,429,596,168,190,336,578,384,535,593,213,100
133: 580,12,501,244,122,291
134: 226,243,124,159,57,247,434,616,110,32
135: 287,483,203,594,364,275,353,117,214,251
136: 520,533,27,388,513,468,622
137: 166,509,129,202,285,550,199
138: 150
139: 430,605,9,231
140: 615
141: 94,462,97,451,591
142: 191,580,317,228,230,618,74,458,146
143: 611,422,279,523,510,235,248,338,288,315
144: 246,592
145: 365,476,450,541,343,500,40,259,155,341,425,87,79
146: 458,142,317,74,578
147: 528,182,471
148: 277,255
149: 604,306,130,205,31,357,541,527,193,420,475
150: 173,102,270,138,256
151: 484,14,293,35,68,599
152: 447,65,621,593,217
153: 108,93,457,433,249,274
154: 409,115
155: 483,203,546,341,259,145,87,79,429,188,402
156: 109
157: 33,263,118,346
158: 494,88,355
159: 350,134,124,278,253,30,564,221,32,310,530
160: 601
161: 25,97,477,8,451
162: 37,495,565,56,41,440,24,204
163: 70,201,351
164: 61,608,511,311,62,44,323,184,316
165: 234,505,400,54,115,514,127
166: 137,78,269,394,75
167: 620
168: 132,396,65,526,325
169: 285,529,131,390,581
170: 93,606,313,237,392,512
171: 573,521,599,174,548,15
172: 352,433,614,237,378,437,538,516,572,625,47,108
173: 150,571,131,259,116,480,613,420,500,102,203
174: 245,521,35,599,293,345,171
175: 620,340
176: 242,598,479,216,460
177: 575
178: 366,408,389
179: 537,507,117,483,478,203,285,362,199
180: 50,275,417,249,418,597,583,114,303,378,437,600
181: 91,256,29
182: 298,147
183: 
184: 240,361,62,511,397,311,164,42,383,296,53
185: 263,388,513,439,468,118
186: 466,269,78
187: 215,412,602,195,43
188: 284,79,429,396,328,402,259,155,91,363,346,33
189: 39,359,607,322
190: 6,336,320,354,132,490,213,100
191: 142,580,25,26,501,618
192: 129,394,391,114,58,251,622,520,18
193: 357,296,541,527,343,401,71,500,543,238,149,306
194: 503,39,514,347,574
195: 94,522,223,225,187
196: 528,428,615,505,400,574
197: 374,237,93,313,474,512,324,418,391,229
198: 69,549,461,438
199: 263,439,251,137,129,202,179,478,285
200: 464,220,279,80,295
201: 329,375,473,163
202: 129,394,507,275,114,117,137,199,251
203: 287,483,155,135,475,341,117,130,624,179,173,259,420
204: 422,616,235,399,16,489,495,162,41,440,19
205: 464,48,31,330,579,248,36,123,51,368,527,149,306
206: 482,4,211,233,101
207: 
208: 223,225,2,561,587,441,544,94
209: 409,609,299,592
210: 436,449,274,339,12,417,249,563,214,122
211: 489,70,19,233,453,482,206,387
212: 389,561,393,380,305,231
213: 371,621,593,190,354,132,100
214: 364,417,353,563,210,436,11,135,594,122,260,18
215: 525,367,187,305,231,90
216: 176,598,386,472,428
217: 487,382,86,152
218: 299
219: 276,120,106,71,239,49,258,462
220: 464,200,48,13,530,279,510,82,295
221: 510,32,124,159,564,48,310,530
222: 521,111
223: 208,561,587,305,522,195
224: 502,565,41,469,125
225: 208,94,195,506
226: 243,134,321,327,124,570,554,247,557,250,434
227: 47,104,89,392
228: 604,26,121,40,239,230,618,276,120,142,74,87
229: 75,391,237,474,128,418,114,303,197
230: 121,40,228,130,142,580,317,11,291,87
231: 215,305,90,389,212,139
232: 300,48,13,310,579,339,398,368
233: 492,453,576,211,312,206,101
234: 70,165,547,54,115
235: 422,434,279,143,616,358,523,204,41
236: 76,565,370
237: 172,378,170,93,313,474,128,392,512,418,303,229,197
238: 193,343,401,71,17,49,95,344,476
239: 604,121,40,306,228,219,276,120,71,450
240: 361,184,42
241: 96,55,98,395
242: 176,560,280,562,531
243: 226,134,531,111,560,34
244: 501,130,31,432,339,12,353,563,133,11,287,122,291
245: 174
246: 299,144,547
247: 226,134,554,57,577,386,443,440,434,616,110,358
248: 36,422,143,51,205,288,77
249: 50,180,417,418,433,378,572,93,153,300,210,449,274
250: 557,481,226,554
251: 199,439,468,364,129,192,202,135,18
252: 14,293,318,60,264,352,433
253: 69,278,159,30,564,323,608,368,310
254: 
255: 277,148
256: 181,150,95
257: 96,55,507,509,66,78
258: 94,522,462,612,219,587,305
259: 173,420,155,203,145,188
260: 122,444,331,27,214,11,594,267,18
261: 561,127,393,617,366
262: 307,595,294,66
263: 199,185,439,118,478,346,157
264: 252,461,486,271,352,433,437,538,625,398,50
265: 270
266: 126
267: 11,483,421,594,546,260,444,331,27,439,468
268: 360,599
269: 186,600,303,166,78,75
270: 265,112,150,131,116
271: 21,486,549,461,264,437,398,583
272: 124,15,60,454,498
273: 45
274: 210,619,93,153,300,12,281,249
275: 364,180,417,597,353,114,117,103,202,135
276: 338,219,120,97,26,239,228,618,462
277: 148,255,286
278: 69,355,253,308,567,350,159,14
279: 611,143,523,510,235,80,82,200,220
280: 375,242
281: 12,619,300,13,274
282: 
283: 86
284: 132,188,328,349,33,86,593
285: 169,529,550,362,137,537,179,199
286: 277,532,466
287: 11,483,203,135,475,594,353,130,244
288: 338,380,315,120,248,422,143,16,393,106
289: 479,411
290: 429,542,317,336,578,87,59
291: 122,444,244,230,133,580,317,11
292: 348,539,524,621,487
293: 151,318,252,35,517,174,415,345,457,352,614
294: 372,262
295: 12,80,200,13,432,220,501
296: 357,193,401,500,53,102,184,383,455,480
297: 365,332,95,344,476,109
298: 72,182
299: 218,246,209
300: 13,232,579,339,398,619,12,281,50,249,274
301: 346
302: 98
303: 180,418,114,237,378,516,600,269,128,75,229
304: 
305: 525,215,231,212,223,258,522
306: 604,149,40,239,205,120,541,527,193,71,77
307: 262,595,405,518
308: 52,329,278
309: 379,463
310: 48,232,530,159,253,564,221,368
311: 61,51,511,164,62,36,184,413,543
312: 4,233
313: 170,93,237,512,197
314: 496,98
315: 338,64,288,143,523,125
316: 377,62,164
317: 142,580,230,11,291,578,87,146,290,584,59
318: 293,60,252,619,457,454
319: 63
320: 190,535,100
321: 226,481
322: 2,333,127,617,39,189,359,126
323: 30,44,253,608,164
324: 474,197
325: 168,65
326: 
327: 226,350,124,548,416,360,557,15,423
328: 284,354,188,349,91,29
329: 201,308,34
330: 205,31,579,123,456,368,28,381,414
331: 260,444,27,421,267,118,533,526
332: 297,365,6,107
333: 2,322,39,545,534
334: 
335: 504,413,101,430,356,17
336: 74,6,190,578,87,79,354,132,429,290
337: 119,582,20
338: 8,288,276,315,120,143,25,26
339: 300,13,31,432,232,579,12,50,417,597,353,563,210,244
340: 620,175
341: 155,203,541,40,130,420,145,87
342: 390,566
343: 541,193,71,500,238,95,344,476,145
344: 297,95,343,238,17,419
345: 457,174,293,614,108
346: 301,478,362,263,363,188,157,33
347: 503,194,514,379,115
348: 292,539,524,119
349: 91,508,284,328,86,385
350: 327,159,567,278,14,423
351: 492,30,19,453,163,32,399
352: 433,614,172,538,625,415,293,264,252
353: 364,275,417,414,597,563,214,31,339,130,244,287,135,475
354: 79,132,328,6,190,336,213
355: 278,494,158,567
356: 335,401
357: 296,527,193,456,590,149,571,420,475
358: 434,616,235,247,443,470,502
359: 189,379,322
360: 268,521,599,327,416,423
361: 240,184,497,397,38,395,42,53
362: 285,84,179,478,346
363: 91,188,346,33
364: 275,417,353,114,214,436,135,251
365: 297,332,95,476,145,425,6
366: 178,482,54,127,261,393
367: 215,90,17,109
368: 61,123,253,36,564,205,48,310,232,330
369: 
370: 534,615,236,76,39
371: 539,621,213
372: 595,294
373: 34
374: 58,197,418,436,449,391
375: 280,201
376: 424,5,43
377: 555,44,316
378: 172,237,437,516,572,93,180,249,418,303
379: 359,347,309
380: 64,8,288,587,561,393,212
381: 123,456,28,330,579,398,103,536,414
382: 33,65,217
383: 42,455,184,296,53,480
384: 535,132
385: 349,508
386: 410,598,577,216,247,448,443,56,440,24
387: 504,101,211,19,453,576,16,482,393
388: 513,185,468,622,136
389: 504,212,178,231,90
390: 342,581,405,169,529
391: 394,75,192,229,114,58,374,197
392: 128,426,404,227,237,170,512,427
393: 561,261,589,16,366,387,212,64,380,288
394: 129,75,391,192,202,114,166
395: 38,361,241,96
396: 429,188,542,168,402,421,118,33
397: 497,511,590,588,361,184,53
398: 300,232,579,264,271,381,536,50
399: 616,32,204,57,489,440,19,351
400: 196,165,115,503
401: 296,193,543,238,356,413
402: 429,188,396,155,421,546,118,33
403: 438
404: 474,426,392,512,427
405: 307,518,66,390,529
406: 499
407: 20,29,490
408: 178
409: 209,154,609
410: 386,556,586
411: 289
412: 602,612,187,5,107,113
413: 335,504,311,401,71,543
414: 536,597,353,456,381,31,330,579,103,475
415: 47,104,517,293,352,614
416: 327,548,360,521,15,481
417: 50,364,275,180,249,597,353,563,214,339,210,449
418: 180,249,114,303,237,378,93,449,229,374,197
419: 81,17,344
420: 571,624,173,259,357,541,500,149,203,475,341
421: 267,546,331,439,118,396,402
422: 143,235,204,16,19,248,288
423: 14,360,599,350,327,548
424: 376,67
425: 6,365,476,145,450
426: 128,404,392,427
427: 512,426,404,392
428: 196,216
429: 79,132,188,396,290,542,402,155,546,336,87
430: 3,335,139
431: 20
432: 464,13,31,339,295,12,501,244,623
433: 352,614,172,572,625,264,252,108,153,249
434: 616,110,358,235,226,134,124,570,554,247,470
435: 605
436: 210,449,364,214,374,18
437: 172,378,538,516,572,600,625,264,271,50,180,583
438: 403,198
439: 263,199,185,468,251,118,483,478,421,267
440: 448,162,577,386,57,247,616,399,204
441: 544,208
442: 553
443: 565,386,556,247,24,358
444: 260,331,291,27,11,267,526,59
445: 85,88,83
446: 88,517
447: 152,100,65,593
448: 440,386
449: 210,436,93,417,249,418,374
450: 476,145,71,239,49,425
451: 506,161,97,94,141
452: 89
453: 492,19,233,351,576,489,211,387
454: 573,272,318,60,498
455: 42,383,296,53,102,480
456: 123,28,590,381,330,103,414,357,571,475
457: 345,293,318,108,153
458: 591,146,142,74
459: 602,5,73
460: 176
461: 198,549,264,486,83,271
462: 258,94,141,219,276,97
463: 309
464: 205,200,48,31,432,220,26,623
465: 92
466: 186,286,532,0
467: 
468: 388,185,439,251,622,267,27,136,18
469: 2,589,495,41,224,477,64,125
470: 82,570,554,557,434,358,498
471: 551,528,147
472: 7,577,216,57,491
473: 201,163
474: 128,404,237,512,324,229,197
475: 287,203,456,31,414,353,117,357,149,130,624,420
476: 297,365,95,145,450,343,238,425
477: 2,469,161
478: 179,362,263,199,439,346
479: 176,598,560,289
480: 173,116,613,383,455,296,500,53,102
481: 557,250,321,416
482: 366,206,70,211,54,16,387
483: 11,287,155,203,135,594,267,546,117,179,439
484: 14,151,88,83
485: 
486: 610,83,271,461,264,538
487: 217,292,86
488: 
489: 70,211,19,453,399,204,16
490: 5,6,190,107,407,29
491: 70,472
492: 30,233,44,453,351,36,576
493: 46,103,507,559,117,624
494: 158,355
495: 54,37,162,41,204,589,469
496: 610,314,600
497: 397,588,361
498: 272,454,470,82
499: 406,558,99
500: 296,541,193,343,102,571,173,480,420,145
501: 26,121,244,623,432,295,12,191,133,580
502: 224,358,523,125
503: 194,553,347,400,115
504: 387,106,389,335,413,101,576
505: 615,196,165,37,56,39
506: 451,225,94
507: 257,46,493,103,117,202,537,179,131,550
508: 349,91,385
509: 66,137,257,96,550
510: 221,279,143,48,220
511: 61,397,311,164,184
512: 427,237,170,313,474,404,392,197
513: 388,185,118,136,533
514: 194,347,165,115,127
515: 569
516: 172,378,437,128,303
517: 35,446,415,293
518: 96,307,405,66
519: 74,6,113
520: 136,18,192,58,622
521: 222,360,599,174,548,416,171
522: 258,94,195,587,223,305
523: 611,279,143,235,80,502,315,125
524: 348,292,539,86,593
525: 215,305,90,49,612
526: 59,444,331,542,168
527: 357,193,77,543,51,205,149,306
528: 196,147,471
529: 285,169,405,390,581
530: 48,310,220,124,159,60,221
531: 243,242,34
532: 286,466
533: 136,331,513,118
534: 545,370,39,333
535: 384,578,320,132,596,100
536: 50,414,597,381,579,398
537: 179,131,507,285,550
538: 352,172,437,625,264,610,486
539: 348,371,292,524,621
540: 0
541: 193,343,71,500,149,40,306,420,341,145
542: 429,396,290,546,526,59
543: 527,193,401,71,77,51,311,413
544: 441,208,126
545: 534,333
546: 11,483,155,421,267,429,542,402
547: 70,234,246
548: 327,416,521,599,15,423,171,573
549: 198,461,271,28,588
550: 285,507,509,137,537,131
551: 471
552: 112
553: 503,574,442
554: 226,570,247,557,250,434,470
555: 377
556: 410,443,24
557: 15,250,481,226,327,570,554,470
558: 499
559: 46,493,571,116,613
560: 242,479,111,243
561: 2,261,393,617,212,380,587,208,223
562: 92,242
563: 417,353,214,339,12,210,244,122
564: 30,36,159,253,221,368,48,310
565: 443,162,41,24,236,224
566: 342
567: 34,350,355,278
568: 47,610,23
569: 515
570: 226,124,554,557,434,470
571: 624,173,116,613,420,456,590,559,357,500,53
572: 433,172,378,437,625,249
573: 171,454,548,15
574: 194,553,196
575: 177,22
576: 492,233,453,387,504,101
577: 386,472,57,247,440
578: 336,87,317,146,132,596,290,584,535,59
579: 205,300,31,232,330,339,398,381,536,414
580: 191,142,133,317,501,230,291
581: 390,169,529
582: 337,20
583: 50,180,271,437,600,55
584: 59,317,578
585: 74,5,113,591
586: 410
587: 8,380,561,208,223,258,94,522
588: 61,123,497,28,397,590,549
589: 2,393,469,495,41,16,64
590: 123,456,397,588,357,53,571
591: 458,141,585,74
592: 209,144
593: 524,86,621,213,284,132,65,152,447
594: 11,287,483,135,267,214,260
595: 372,262,307
596: 132,578,535
597: 536,50,275,180,417,414,353,339
598: 176,479,386,216
599: 35,268,360,521,174,548,151,423,171
600: 437,496,269,55,180,583,303
601: 85,160
602: 412,459,187,5
603: 119
604: 149,121,40,239,306,228,130,623,31,120
605: 435,139,9
606: 108,170,104
607: 189
608: 164,253,323
609: 209,409
610: 496,486,83,538,568
611: 279,143,523,80,26
612: 412,258,525,49
613: 571,173,116,480,559
614: 352,433,172,104,415,293,345,108
615: 505,196,140,39,370
616: 434,110,358,235,32,399,204,134,57,247,440
617: 2,322,561,127,261
618: 26,228,276,25,97,191,142
619: 318,60,300,13,281,274
620: 167,340,175
621: 371,292,539,593,213,152
622: 388,468,192,520,136
623: 604,26,121,501,464,31,432
624: 571,420,493,103,117,203,475
625: 352,433,172,437,538,572,264